2 1 0.00391331 0.00391331
2 2 0.0461856 0.0461856
2 3 0.00587159 0.00587159
2 4 0.0285749 0.0285749
2 5 0.00172384 0.00172384
2 6 0.00175355 0.00175355
2 7 0.00147425 0.00147425
2 8 0.00172286 0.00172286
2 9 0.00168549 0.00168549
2 10 0.00170191 0.00170191
2 11 0.00347491 0.00347491
2 12 0.00190932 0.00190932
2 13 0.0014706 0.0014706
2 14 0.0017685 0.0017685
2 15 0.0295977 0.0295977
2 16 0.00286855 0.00286855
2 17 0.0376563 0.0376563
2 18 0.0270933 0.0270933
2 19 0.00963875 0.00963875
2 20 0.0275041 0.0275041
2 21 0.00142652 0.00142652
2 22 0.00142417 0.00142417
2 23 0.00360907 0.00360907
2 24 0.00390188 0.00390188
2 25 0.00324329 0.00324329
2 26 0.00353157 0.00353157
2 27 0.0346182 0.0346182
2 28 0.00464141 0.00464141
2 29 0.0340352 0.0340352
2 30 0.0292801 0.0292801
2 31 0.00592798 0.00592798
2 32 0.00301432 0.00301432
3 1 0.0126235 0.0126235
3 2 0.0130015 0.0130015
3 3 0.0157343 0.0157343
3 4 0.0150809 0.0150809
3 5 0.0144653 0.0144653
3 6 0.0110432 0.0110432
3 7 0.0141512 0.0141512
3 8 0.0137064 0.0137064
3 9 0.0127623 0.0127623
3 10 0.0132192 0.0132192
3 11 0.0107052 0.0107052
3 12 0.000993637 0.000993637
3 13 0.00983424 0.00983424
3 14 0.0121782 0.0121782
3 15 0.000996656 0.000996656
3 16 0.00195649 0.00195649
3 17 0.0108125 0.0108125
3 18 0.010053 0.010053
3 19 0.0117529 0.0117529
3 20 0.0115016 0.0115016
3 21 0.00807406 0.00807406
3 22 0.00439134 0.00439134
3 23 0.00417623 0.00417623
3 24 0.00218566 0.00218566
3 25 0.00218566 0.00218566
3 26 0.00218566 0.00218566
3 27 0.00218566 0.00218566
3 28 0.00218566 0.00218566
3 29 0.00218566 0.00218566
3 30 0.00218566 0.00218566
3 31 0.00218566 0.00218566
3 32 0.00218566 0.00218566
4 1 0.0121344 0.0121344
4 2 0.0125676 0.0125676
4 3 0.0125992 0.0125992
4 4 0.0128093 0.0128093
4 5 0.0129028 0.0129028
4 6 0.0156055 0.0156055
4 7 0.012404 0.012404
4 8 0.015318 0.015318
4 9 0.0139312 0.0139312
4 10 0.0158241 0.0158241
4 11 0.0143568 0.0143568
4 12 0.0131649 0.0131649
4 13 0.0111052 0.0111052
4 14 0.016098 0.016098
4 15 0.0136487 0.0136487
4 16 0.0135281 0.0135281
4 17 0.013584 0.013584
4 18 0.0106661 0.0106661
4 19 0.0110857 0.0110857
4 20 0.0139433 0.0139433
4 21 0.0104785 0.0104785
4 22 0.0147527 0.0147527
4 23 0.0122494 0.0122494
4 24 0.00937981 0.00937981
4 25 0.0131811 0.0131811
4 26 0.00973799 0.00973799
4 27 0.0124125 0.0124125
4 28 0.0133786 0.0133786
4 29 0.01085 0.01085
4 30 0.0106589 0.0106589
4 31 0.0108641 0.0108641
4 32 0.0111211 0.0111211
