0.00360594 2 1
0.00351369 2 2
0.0035447 2 3
0.00351515 2 4
0.00353243 2 5
0.00356818 2 6
0.00357013 2 7
0.00355565 2 8
0.00360316 2 9
0.00359479 2 10
0.00351773 2 11
0.00354199 2 12
0.00357414 2 13
0.00355024 2 14
0.00351847 2 15
0.00352379 2 16
0.00355761 2 17
0.00353275 2 18
0.00352457 2 19
0.00351654 2 20
0.00357464 2 21
0.00356068 2 22
0.00351513 2 23
0.00349497 2 24
0.00351875 2 25
0.00357079 2 26
0.00352921 2 27
0.00359786 2 28
0.00356888 2 29
0.00354342 2 30
0.00353962 2 31
0.00356495 2 32
0.00181981 3 1
0.00181825 3 2
0.00183296 3 3
0.00180689 3 4
0.00182526 3 5
0.00181637 3 6
0.00183384 3 7
0.00182688 3 8
0.00183425 3 9
0.00182472 3 10
0.00180593 3 11
0.00179556 3 12
0.00185057 3 13
0.00182471 3 14
0.00180933 3 15
-999 3 16
0.00182749 3 17
0.00183733 3 18
0.0018396 3 19
0.00182756 3 20
0.00182143 3 21
0.00186858 3 22
0.00190273 3 23
-999 3 24
-999 3 25
-999 3 26
-999 3 27
-999 3 28
-999 3 29
-999 3 30
-999 3 31
-999 3 32
0.00184127 4 1
0.00182697 4 2
0.00183733 4 3
0.00183938 4 4
0.00182921 4 5
0.00183107 4 6
0.00184315 4 7
0.00180751 4 8
0.00183182 4 9
0.00181795 4 10
0.00182087 4 11
0.00182971 4 12
0.00182523 4 13
0.00183658 4 14
0.00183558 4 15
0.00183474 4 16
0.00182128 4 17
0.0018207 4 18
0.00181659 4 19
0.00182018 4 20
0.00183067 4 21
0.00182524 4 22
0.00182622 4 23
0.00182456 4 24
0.00183866 4 25
0.00182114 4 26
0.00182983 4 27
0.0018203 4 28
0.001826 4 29
0.00183363 4 30
0.00182562 4 31
0.00182796 4 32
